
Returns

Date, Market, Morton
Thiokol, Rockwell
International, Martin
Marietta, Lockheed, Grumman
860124, .0077475, .0103806, 0, .0378788, .0191257, .0088496
860127, .0019842, .010274, 0, .0109489, .002681, -.0482456
860128*, .0034271, -.1186441, -.0248227, -.032491, -.0213904, .0046083
860129, -.0060107, -.0153846, .0181818, -.011194, .010929, .0091743
860130, .0025143, .0078125, -.0107143, 0, 0,  -.0136364
860131, .0074812, -.0310078, .0216606, .0037736, -.0027027, .0138249
860203, .0048621, .032, .0282685, .0225564, .0054201, .0227273
860204, -.0050126, .0232558, .0171821, .0220588, .0215633, 0


Volume

Date, Morton
Thiokol, Rockwell
International, Martin
Marietta, Lockheed, Grumman
860124, 85100, 136900, 182600, 181700, 26200
860127, 190300, 73000, 117500, 226600, 98700
860128*, 1739900, 563200, 446200, 667500, 34500
860129, 1680500, 252500, 840300, 364900, 31300
860130, 730100, 154000, 212800, 329600, 146300
860131, 895400, 179900, 163000, 603400, 90400
860203, 1516900, 204600, 287700, 479600, 43200
860204, 972200, 400500, 605200, 739100, 31900

Percent shares traded (volume/shares outstanding (1986))

Date, Morton
Thiokol, Rockwell
International, Martin
Marietta, Lockheed, Grumman
860124, 0.18, 0.05, 0.32, 0.28, 0.08
860127, 0.4, 0.03, 0.21, 0.35, 0.3
860128*, 3.7, 0.2, 0.79, 1.02, 0.11
860129, 3.57, 0.09, 1.49, 0.56, 0.1
860130, 1.55, 0.05, 0.38, 0.5, 0.45
860131, 1.9, 0.06, 0.29, 0.92, 0.28
860203, 3.22, 0.07, 0.51, 0.73, 0.13
860204, 2.07, 0.14, 1.07, 1.13, 0.1


, Morton
Thiokol, Rockwell
International, Martin
Marietta, Lockheed, Grumman
Shares Outstanding (millions, 1986), 47.08, 287.78, 56.31, 65.61, 32.6
Sales (millions, 1985), 1832.3, 11338.0, 4410.1, 9535.0, 3048.5
Earnings per share (1985), 2.44, 1.96, 3.05, 6.10, 2.65
Profit margin (1985), 6.5%, 5.3%, 4.0%, 4.2%, 2.7%
Long-term debt (millions, 1985), 152.7, 647.5, 220.4, 35.0, 263.4

